34
[17, 0, 0, 0, 0]
[0, 0, 0, 0, 0]
[0, 0, 0, 0, 0]
[0, 0, 0, 0, 0]
[17, 0, 0, 0, 0]
72
[17, 0, 0, 0, 0]
[0, 0, 0, 0, 0]
[0, 19, 19, 0, 0]
[0, 0, 0, 0, 0]
[17, 0, 0, 0, 0]
108
[17, 0, 0, 0, 0]
[0, 18, 18, 0, 0]
[0, 19, 19, 0, 0]
[0, 0, 0, 0, 0]
[17, 0, 0, 0, 0]
136
[17, 0, 0, 0, 0]
[0, 23, 18, 0, 23]
[0, 19, 19, 0, 0]
[0, 0, 0, 0, 0]
[17, 0, 0, 0, 0]
176
[17, 0, 0, 20, 0]
[0, 23, 18, 0, 23]
[0, 19, 19, 0, 0]
[0, 0, 0, 20, 0]
[17, 0, 0, 0, 0]
218
[17, 0, 0, 20, 0]
[0, 23, 18, 0, 23]
[0, 19, 19, 0, 0]
[0, 0, 0, 20, 21]
[17, 0, 0, 0, 21]
225
[22, 0, 0, 22, 0]
[0, 23, 18, 0, 23]
[0, 19, 19, 0, 0]
[0, 0, 0, 20, 21]
[17, 0, 0, 0, 21]
254
[22, 0, 0, 22, 0]
[0, 23, 18, 0, 23]
[0, 19, 24, 0, 24]
[0, 0, 0, 20, 21]
[17, 0, 0, 0, 21]
284
[22, 0, 0, 22, 0]
[0, 23, 18, 0, 23]
[0, 19, 24, 25, 24]
[0, 0, 0, 25, 21]
[17, 0, 0, 0, 21]
317
[22, 0, 0, 22, 0]
[0, 28, 18, 28, 23]
[0, 19, 24, 25, 24]
[0, 0, 0, 25, 21]
[17, 0, 0, 0, 21]
331
[22, 0, 0, 22, 0]
[0, 28, 18, 28, 23]
[0, 19, 24, 25, 24]
[0, 0, 0, 25, 21]
[26, 0, 0, 0, 26]
367
[22, 0, 0, 22, 0]
[0, 28, 18, 28, 23]
[0, 19, 24, 25, 24]
[0, 0, 0, 25, 21]
[26, 0, 31, 0, 31]
376
[22, 0, 0, 22, 0]
[0, 28, 18, 28, 23]
[0, 19, 29, 29, 24]
[0, 0, 0, 25, 21]
[26, 0, 31, 0, 31]
408
[27, 0, 0, 22, 0]
[0, 28, 18, 28, 23]
[27, 19, 29, 29, 24]
[0, 0, 0, 25, 21]
[26, 0, 31, 0, 31]
422
[27, 0, 0, 22, 0]
[0, 28, 18, 28, 23]
[27, 19, 29, 29, 24]
[0, 0, 0, 30, 30]
[26, 0, 31, 0, 31]
430
[27, 0, 0, 22, 0]
[0, 28, 18, 28, 23]
[27, 19, 34, 29, 24]
[0, 0, 0, 30, 30]
[26, 0, 34, 0, 31]
440
[32, 0, 0, 22, 0]
[0, 28, 18, 28, 23]
[32, 19, 34, 29, 24]
[0, 0, 0, 30, 30]
[26, 0, 34, 0, 31]
459
[32, 0, 0, 22, 0]
[0, 33, 18, 28, 23]
[32, 33, 34, 29, 24]
[0, 0, 0, 30, 30]
[26, 0, 34, 0, 31]
499
[32, 0, 0, 22, 0]
[0, 33, 18, 28, 23]
[32, 33, 34, 29, 24]
[0, 0, 35, 35, 30]
[26, 0, 34, 0, 31]
540
[32, 0, 0, 22, 0]
[0, 33, 18, 28, 23]
[32, 33, 34, 29, 24]
[0, 0, 35, 35, 30]
[26, 0, 34, 36, 36]
582
[37, 0, 37, 22, 0]
[0, 33, 18, 28, 23]
[32, 33, 34, 29, 24]
[0, 0, 35, 35, 30]
[26, 0, 34, 36, 36]
607
[37, 0, 37, 22, 0]
[0, 38, 38, 28, 23]
[32, 33, 34, 29, 24]
[0, 0, 35, 35, 30]
[26, 0, 34, 36, 36]
616
[37, 0, 37, 22, 0]
[0, 38, 38, 28, 23]
[32, 33, 39, 29, 24]
[0, 0, 39, 35, 30]
[26, 0, 34, 36, 36]
661
[37, 0, 37, 22, 0]
[0, 38, 38, 28, 23]
[32, 33, 39, 29, 24]
[40, 0, 39, 40, 30]
[26, 0, 34, 36, 36]
673
[37, 0, 37, 22, 0]
[0, 38, 38, 28, 23]
[32, 33, 39, 29, 24]
[40, 0, 39, 40, 30]
[26, 0, 41, 36, 41]
