84
[42, 0, 0, 0, 0]
[42, 0, 0, 0, 0]
[0, 0, 0, 0, 0]
[0, 0, 0, 0, 0]
[0, 0, 0, 0, 0]
216
[42, 0, 0, 0, 0]
[42, 0, 0, 0, 66]
[0, 0, 0, 0, 0]
[0, 0, 0, 0, 0]
[0, 0, 0, 0, 66]
346
[42, 0, 0, 0, 0]
[42, 0, 0, 0, 66]
[0, 0, 0, 0, 0]
[0, 0, 0, 65, 0]
[0, 0, 0, 65, 66]
474
[42, 0, 0, 0, 0]
[42, 0, 0, 0, 66]
[64, 0, 64, 0, 0]
[0, 0, 0, 65, 0]
[0, 0, 0, 65, 66]
600
[42, 0, 0, 0, 0]
[42, 63, 0, 0, 66]
[64, 63, 64, 0, 0]
[0, 0, 0, 65, 0]
[0, 0, 0, 65, 66]
682
[62, 0, 0, 0, 0]
[42, 63, 0, 0, 66]
[64, 63, 64, 0, 0]
[0, 0, 0, 65, 0]
[62, 0, 0, 65, 66]
672
[62, 0, 0, 0, 0]
[42, 63, 0, 0, 61]
[64, 63, 64, 0, 0]
[0, 0, 0, 65, 0]
[62, 0, 0, 65, 61]
727
[62, 0, 0, 60, 0]
[42, 63, 0, 0, 61]
[64, 63, 64, 0, 0]
[0, 0, 0, 60, 0]
[62, 0, 0, 65, 61]
717
[62, 0, 0, 60, 0]
[42, 63, 0, 0, 61]
[59, 63, 59, 0, 0]
[0, 0, 0, 60, 0]
[62, 0, 0, 65, 61]
728
[62, 0, 0, 60, 0]
[58, 58, 0, 0, 61]
[59, 63, 59, 0, 0]
[0, 0, 0, 60, 0]
[62, 0, 0, 65, 61]
780
[57, 0, 0, 60, 57]
[58, 58, 0, 0, 61]
[59, 63, 59, 0, 0]
[0, 0, 0, 60, 0]
[62, 0, 0, 65, 61]
831
[57, 0, 0, 60, 57]
[58, 58, 0, 0, 61]
[59, 63, 59, 0, 56]
[0, 0, 0, 60, 0]
[62, 0, 0, 65, 56]
881
[57, 0, 0, 60, 57]
[58, 58, 0, 0, 61]
[59, 63, 59, 0, 56]
[0, 0, 0, 55, 55]
[62, 0, 0, 65, 56]
871
[57, 0, 0, 60, 57]
[58, 58, 0, 0, 61]
[54, 63, 54, 0, 56]
[0, 0, 0, 55, 55]
[62, 0, 0, 65, 56]
919
[57, 0, 0, 60, 57]
[58, 53, 0, 0, 61]
[54, 63, 54, 0, 56]
[0, 53, 0, 55, 55]
[62, 0, 0, 65, 56]
904
[52, 0, 0, 60, 57]
[58, 53, 0, 0, 61]
[54, 63, 54, 0, 56]
[0, 53, 0, 55, 55]
[52, 0, 0, 65, 56]
898
[52, 0, 0, 60, 57]
[58, 53, 0, 0, 61]
[54, 63, 54, 0, 56]
[0, 53, 0, 55, 55]
[51, 0, 0, 65, 51]
941
[52, 0, 0, 60, 57]
[58, 48, 48, 0, 61]
[54, 63, 54, 0, 56]
[0, 53, 0, 55, 55]
[51, 0, 0, 65, 51]
933
[52, 0, 0, 60, 57]
[58, 48, 48, 0, 61]
[54, 63, 54, 0, 56]
[0, 50, 0, 50, 55]
[51, 0, 0, 65, 51]
918
[47, 0, 0, 60, 47]
[58, 48, 48, 0, 61]
[54, 63, 54, 0, 56]
[0, 50, 0, 50, 55]
[51, 0, 0, 65, 51]
908
[47, 0, 0, 60, 47]
[58, 48, 48, 0, 61]
[49, 63, 49, 0, 56]
[0, 50, 0, 50, 55]
[51, 0, 0, 65, 51]
948
[47, 0, 0, 60, 47]
[58, 48, 48, 0, 61]
[49, 63, 49, 0, 56]
[45, 50, 0, 45, 55]
[51, 0, 0, 65, 51]
987
[47, 0, 0, 60, 47]
[58, 48, 48, 0, 61]
[49, 63, 44, 44, 56]
[45, 50, 0, 45, 55]
[51, 0, 0, 65, 51]
977
[47, 0, 0, 60, 47]
[58, 43, 43, 0, 61]
[49, 63, 44, 44, 56]
[45, 50, 0, 45, 55]
[51, 0, 0, 65, 51]
967
[47, 0, 0, 60, 47]
[58, 43, 43, 0, 61]
[49, 63, 44, 44, 56]
[45, 50, 0, 45, 55]
[46, 0, 0, 65, 46]
